### TSLA 80/20 Results

```
 lag RevUp_N RevUp_VaR_5 RevUp_ES_5 RevUp_K RevUp_VaR_95 RevUp_ES_95 RevDn_N RevDn_VaR_5 RevDn_ES_5 RevDn_K RevDn_VaR_95 RevDn_ES_95 ContDn_N ContDn_VaR_5 ContDn_ES_5 ContDn_K ContDn_VaR_95 ContDn_ES_95 ContUp_N ContUp_VaR_5 ContUp_ES_5 ContUp_K ContUp_VaR_95 ContUp_ES_95
   1       5     -0.0039    -0.0043  2.0381      -0.0039      0.0594      87     -0.0520    -0.0894  8.5458      -0.0520      0.0896       19      -0.0422     -0.0432   1.6165       -0.0422       0.0380      104      -0.0574     -0.0731   3.1463       -0.0574       0.1000
   2       5     -0.0310    -0.0339  1.6417      -0.0310      0.0821      87     -0.0960    -0.1260  3.5601      -0.0960      0.1030       19      -0.0398     -0.0636   1.9675       -0.0398       0.0672      104      -0.0834     -0.1190   3.3239       -0.0834       0.1466
   3       5     -0.0252    -0.0287  1.3773      -0.0252      0.0432      87     -0.0954    -0.1402  3.0979      -0.0954      0.1261       19      -0.0536     -0.0617   1.8961       -0.0536       0.1018      104      -0.1126     -0.1403   3.4557       -0.1126       0.1874
   4       5     -0.0158    -0.0159  1.2591      -0.0158      0.0463      86     -0.1204    -0.1687  4.2811      -0.1204      0.1692       19      -0.0934     -0.1318   1.8148       -0.0934       0.1084      103      -0.1109     -0.1516   4.1209       -0.1109       0.2107
   5       5     -0.0571    -0.0581  1.1840      -0.0571      0.0518      86     -0.1343    -0.1712  3.9041      -0.1343      0.1879       19      -0.1067     -0.1694   2.4763       -0.1067       0.1053      103      -0.1184     -0.1652   3.5273       -0.1184       0.2112
  10       5     -0.1065    -0.1148  1.2565      -0.1065      0.0979      85     -0.1610    -0.2106  2.4260      -0.1610      0.2149       19      -0.1941     -0.2151   2.4330       -0.1941       0.1253      102      -0.1613     -0.2107   2.5335       -0.1613       0.2418
  15       5     -0.1927    -0.2066  0.9345      -0.1927      0.0649      84     -0.2519    -0.2807  3.0488      -0.2519      0.2990       19      -0.1631     -0.1900   2.2975       -0.1631       0.1771      101      -0.1784     -0.2191   2.4335       -0.1784       0.3298
  20       5     -0.2318    -0.2389  0.8018      -0.2318      0.0578      83     -0.3036    -0.3836  4.0607      -0.3036      0.3615       19      -0.1573     -0.1603   2.2102       -0.1573       0.2232      100      -0.1583     -0.2417   2.9067       -0.1583       0.3546
```

### SPY 80/20 Results

```
 lag RevUp_N RevUp_VaR_5 RevUp_ES_5 RevUp_K RevUp_VaR_95 RevUp_ES_95 RevDn_N RevDn_VaR_5 RevDn_ES_5 RevDn_K RevDn_VaR_95 RevDn_ES_95 ContDn_N ContDn_VaR_5 ContDn_ES_5 ContDn_K ContDn_VaR_95 ContDn_ES_95 ContUp_N ContUp_VaR_5 ContUp_ES_5 ContUp_K ContUp_VaR_95 ContUp_ES_95
   1      35     -0.0129    -0.0178  4.2388      -0.0129      0.0168      22     -0.0081    -0.0104  2.0592      -0.0081      0.0142       39      -0.0120     -0.0366  14.2199       -0.0120       0.0628       29      -0.0056     -0.0100   3.7822       -0.0056       0.0157
   2      35     -0.0129    -0.0219  3.6262      -0.0129      0.0262      22     -0.0114    -0.0129  1.4398      -0.0114      0.0224       39      -0.0216     -0.0426   5.9355       -0.0216       0.0481       29      -0.0148     -0.0219   3.5992       -0.0148       0.0232
  10      34     -0.0419    -0.0918  6.8819      -0.0419      0.0874      22     -0.0329    -0.0406  2.4260      -0.0329      0.0630       39      -0.0443     -0.0629   2.5569       -0.0443       0.0853       29      -0.0518     -0.0798   3.7556       -0.0518       0.0597
  20      33     -0.0776    -0.0826  2.4813      -0.0776      0.1683      22     -0.0590    -0.1136  3.5755      -0.0590      0.1207       38      -0.0747     -0.1094   2.7822       -0.0747       0.2282       29      -0.0920     -0.1337   3.3874       -0.0920       0.1063
```

### MSFT 80/20 Results

```
 lag RevUp_N RevUp_VaR_5 RevUp_ES_5 RevUp_K RevUp_VaR_95 RevUp_ES_95 RevDn_N RevDn_VaR_5 RevDn_ES_5 RevDn_K RevDn_VaR_95 RevDn_ES_95 ContDn_N ContDn_VaR_5 ContDn_ES_5 ContDn_K ContDn_VaR_95 ContDn_ES_95 ContUp_N ContUp_VaR_5 ContUp_ES_5 ContUp_K ContUp_VaR_95 ContUp_ES_95
   1      27     -0.0190    -0.0227  3.8151      -0.0190      0.0219      72     -0.0237    -0.0287  2.7602      -0.0237      0.0204       36      -0.0346     -0.0500   8.4432       -0.0346       0.1079       78      -0.0238     -0.0297   3.8226       -0.0238       0.0235
   2      27     -0.0500    -0.0679  4.0813      -0.0500      0.0555      72     -0.0282    -0.0293  2.9154      -0.0282      0.0343       36      -0.0421     -0.0534   3.5255       -0.0421       0.0619       78      -0.0260     -0.0351   7.6689       -0.0260       0.0319
  10      27     -0.0813    -0.0835  4.9087      -0.0813      0.1436      71     -0.0597    -0.0757  2.5705      -0.0597      0.0757       35      -0.0552     -0.0695   4.7560       -0.0552       0.1158       75      -0.0634     -0.0706   2.4995       -0.0634       0.0706
  20      27     -0.0820    -0.0990  4.4690      -0.0820      0.2060      69     -0.0759    -0.1136  3.5755      -0.0759      0.1207       35      -0.0884     -0.1042   2.6161       -0.0884       0.2282       73      -0.0920     -0.1337   3.3874       -0.0920       0.1063
```

### MSTR 80/20 Results

```
 lag RevUp_N RevUp_VaR_5 RevUp_ES_5 RevUp_K RevUp_VaR_95 RevUp_ES_95 RevDn_N RevDn_VaR_5 RevDn_ES_5 RevDn_K RevDn_VaR_95 RevDn_ES_95 ContDn_N ContDn_VaR_5 ContDn_ES_5 ContDn_K ContDn_VaR_95 ContDn_ES_95 ContUp_N ContUp_VaR_5 ContUp_ES_5 ContUp_K ContUp_VaR_95 ContUp_ES_95
   1       0          NA         NA      NA           NA          NA     120     -0.1001    -0.1263  4.0476       0.0973      0.1547        0           NA          NA       NA            NA           NA      120      -0.0940     -0.1492   4.4616        0.1048       0.1357
   5       0          NA         NA      NA           NA          NA     119     -0.1842    -0.2267  3.5514       0.2396      0.3305        0           NA          NA       NA            NA           NA      119      -0.1832     -0.2162   3.6148        0.2549       0.3480
  10       0          NA         NA      NA           NA          NA     118     -0.2489    -0.2756  3.4173       0.3387      0.4144        0           NA          NA       NA            NA           NA      118      -0.2240     -0.2753   4.0197        0.4954       0.5904
  15       0          NA         NA      NA           NA          NA     117     -0.2939    -0.3430  4.5052       0.4907      0.6810        0           NA          NA       NA            NA           NA      117      -0.2735     -0.3828   3.3788        0.4762       0.6387
  20       0          NA         NA      NA           NA          NA     116     -0.2735    -0.3218  4.0449       0.4645      0.7023        0           NA          NA       NA            NA           NA      116      -0.2939     -0.3477   3.2560        0.7698       0.8245
```

---
